   5.0000000e-01   0.0000000e+00   0.0000000e+00   0.0000000e+00   0.0000000e+00
   1.0000000e+00   5.0000000e-01   0.0000000e+00   0.0000000e+00   0.0000000e+00
   1.5000000e+00   1.0000000e+00   0.0000000e+00   0.0000000e+00   0.0000000e+00
   2.0000000e+00   1.5000000e+00   0.0000000e+00   0.0000000e+00   0.0000000e+00
   2.5000000e+00   2.0000000e+00   0.0000000e+00   0.0000000e+00   0.0000000e+00
   3.0000000e+00   2.5000000e+00   0.0000000e+00   0.0000000e+00   0.0000000e+00
   3.5000000e+00   3.0000000e+00   0.0000000e+00   0.0000000e+00   0.0000000e+00
   4.0000000e+00   3.5000000e+00   0.0000000e+00   0.0000000e+00   0.0000000e+00
   4.5000000e+00   4.0000000e+00   0.0000000e+00   0.0000000e+00   0.0000000e+00
   5.0000000e+00   4.5000000e+00   0.0000000e+00   0.0000000e+00   0.0000000e+00
   5.5000000e+00   5.0000000e+00   0.0000000e+00   0.0000000e+00   0.0000000e+00
   6.0000000e+00   5.5000000e+00   0.0000000e+00   0.0000000e+00   0.0000000e+00
   6.5000000e+00   6.0000000e+00   0.0000000e+00   0.0000000e+00   0.0000000e+00
   7.0000000e+00   6.5000000e+00   0.0000000e+00   0.0000000e+00   0.0000000e+00
   7.5000000e+00   7.0000000e+00   0.0000000e+00   0.0000000e+00   0.0000000e+00
   8.0000000e+00   7.5000000e+00   0.0000000e+00   0.0000000e+00   0.0000000e+00
   8.5000000e+00   8.0000000e+00   0.0000000e+00   0.0000000e+00   0.0000000e+00
   9.0000000e+00   8.5000000e+00   0.0000000e+00   0.0000000e+00   0.0000000e+00
   9.5000000e+00   9.0000000e+00   0.0000000e+00   0.0000000e+00   0.0000000e+00
   1.0000000e+01   9.5000000e+00   0.0000000e+00   0.0000000e+00   0.0000000e+00
   1.0500000e+01   1.0000000e+01   0.0000000e+00   0.0000000e+00   0.0000000e+00
   1.1000000e+01   1.0500000e+01   0.0000000e+00   0.0000000e+00   0.0000000e+00
   1.1500000e+01   1.1000000e+01   0.0000000e+00   0.0000000e+00   0.0000000e+00
   1.2000000e+01   1.1500000e+01   0.0000000e+00   0.0000000e+00   0.0000000e+00
   1.2500000e+01   1.2000000e+01   0.0000000e+00   0.0000000e+00   0.0000000e+00
   1.3000000e+01   1.2500000e+01   0.0000000e+00   0.0000000e+00   0.0000000e+00
   1.3500000e+01   1.3000000e+01   0.0000000e+00   0.0000000e+00   0.0000000e+00
   1.4000000e+01   1.3500000e+01   0.0000000e+00   0.0000000e+00   0.0000000e+00
   1.5308582e+01   1.4000000e+01   0.0000000e+00   0.0000000e+00  -1.2736436e-02
   1.6617163e+01   1.5307336e+01  -5.7079529e-02  -8.7266463e-02  -6.6603215e-02
   1.7925745e+01   1.6604723e+01  -2.2788370e-01  -1.7453293e-01  -6.6603215e-02
   1.9234326e+01   1.7882286e+01  -5.1111261e-01  -2.6179939e-01  -6.6603215e-02
   2.0542908e+01   1.9130302e+01  -9.0461069e-01  -3.4906585e-01  -6.6603215e-02
   2.1851490e+01   2.0339274e+01  -1.4053832e+00  -4.3633231e-01  -6.6603215e-02
   2.3160071e+01   2.1500000e+01  -2.0096189e+00  -5.2359878e-01  -6.6603215e-02
   2.4468653e+01   2.2603647e+01  -2.7127193e+00  -6.1086524e-01  -6.6603215e-02
   2.5777235e+01   2.3641814e+01  -3.5093334e+00  -6.9813170e-01  -6.6603215e-02
   2.7085816e+01   2.4606602e+01  -4.3933983e+00  -7.8539816e-01  -6.6603215e-02
   2.8394398e+01   2.5490667e+01  -5.3581859e+00  -8.7266463e-01  -6.6603215e-02
   2.9702979e+01   2.6287281e+01  -6.3963535e+00  -9.5993109e-01  -6.6603215e-02
   3.1011561e+01   2.6990381e+01  -7.5000000e+00  -1.0471976e+00  -6.6603215e-02
   3.2320143e+01   2.7594617e+01  -8.6607261e+00  -1.1344640e+00  -6.6603215e-02
   3.3628724e+01   2.8095389e+01  -9.8696979e+00  -1.2217305e+00  -6.6603215e-02
   3.4937306e+01   2.8488887e+01  -1.1117714e+01  -1.3089969e+00  -6.6603215e-02
   3.6245888e+01   2.8772116e+01  -1.2395277e+01  -1.3962634e+00  -6.6603215e-02
   3.7554469e+01   2.8942920e+01  -1.3692664e+01  -1.4835299e+00  -6.6603215e-02
   3.8054469e+01   2.9000000e+01  -1.5000000e+01  -1.5707963e+00  -2.2831811e-01
   3.8554469e+01   2.9000000e+01  -1.5500000e+01  -1.5707963e+00   0.0000000e+00
   3.9054469e+01   2.9000000e+01  -1.6000000e+01  -1.5707963e+00   0.0000000e+00
   3.9554469e+01   2.9000000e+01  -1.6500000e+01  -1.5707963e+00   0.0000000e+00
   4.0054469e+01   2.9000000e+01  -1.7000000e+01  -1.5707963e+00   0.0000000e+00
   4.0554469e+01   2.9000000e+01  -1.7500000e+01  -1.5707963e+00   0.0000000e+00
   4.1054469e+01   2.9000000e+01  -1.8000000e+01  -1.5707963e+00   0.0000000e+00
   4.1554469e+01   2.9000000e+01  -1.8500000e+01  -1.5707963e+00   0.0000000e+00
   4.2054469e+01   2.9000000e+01  -1.9000000e+01  -1.5707963e+00   0.0000000e+00
   4.2554469e+01   2.9000000e+01  -1.9500000e+01  -1.5707963e+00   0.0000000e+00
   4.2903424e+01   2.9000000e+01  -2.0000000e+01  -1.5707963e+00   1.7910614e-01
   4.3252379e+01   2.9015221e+01  -2.0348623e+01  -1.4835299e+00   2.4976206e-01
   4.3601334e+01   2.9060769e+01  -2.0694593e+01  -1.3962634e+00   2.4976206e-01
   4.3950290e+01   2.9136297e+01  -2.1035276e+01  -1.3089969e+00   2.4976206e-01
   4.4299245e+01   2.9241230e+01  -2.1368081e+01  -1.2217305e+00   2.4976206e-01
   4.4648200e+01   2.9374769e+01  -2.1690473e+01  -1.1344640e+00   2.4976206e-01
   4.4997155e+01   2.9535898e+01  -2.2000000e+01  -1.0471976e+00   2.4976206e-01
   4.5346110e+01   2.9723392e+01  -2.2294306e+01  -9.5993109e-01   2.4976206e-01
   4.5695065e+01   2.9935822e+01  -2.2571150e+01  -8.7266463e-01   2.4976206e-01
   4.6044020e+01   3.0171573e+01  -2.2828427e+01  -7.8539816e-01   2.4976206e-01
   4.6392975e+01   3.0428850e+01  -2.3064178e+01  -6.9813170e-01   2.4976206e-01
   4.6741930e+01   3.0705694e+01  -2.3276608e+01  -6.1086524e-01   2.4976206e-01
   4.7090885e+01   3.1000000e+01  -2.3464102e+01  -5.2359878e-01   2.4976206e-01
   4.7439841e+01   3.1309527e+01  -2.3625231e+01  -4.3633231e-01   2.4976206e-01
   4.7788796e+01   3.1631919e+01  -2.3758770e+01  -3.4906585e-01   2.4976206e-01
   4.8137751e+01   3.1964724e+01  -2.3863703e+01  -2.6179939e-01   2.4976206e-01
   4.8486706e+01   3.2305407e+01  -2.3939231e+01  -1.7453293e-01   2.4976206e-01
   4.8835661e+01   3.2651377e+01  -2.3984779e+01  -8.7266463e-02   2.4976206e-01
   4.9184616e+01   3.3000000e+01  -2.4000000e+01   0.0000000e+00   0.0000000e+00
   4.9533571e+01   3.3348623e+01  -2.4015221e+01  -8.7266463e-02  -2.4976206e-01
   4.9882526e+01   3.3694593e+01  -2.4060769e+01  -1.7453293e-01  -2.4976206e-01
   5.0231481e+01   3.4035276e+01  -2.4136297e+01  -2.6179939e-01  -2.4976206e-01
   5.0580436e+01   3.4368081e+01  -2.4241230e+01  -3.4906585e-01  -2.4976206e-01
   5.0929392e+01   3.4690473e+01  -2.4374769e+01  -4.3633231e-01  -2.4976206e-01
   5.1278347e+01   3.5000000e+01  -2.4535898e+01  -5.2359878e-01  -2.4976206e-01
   5.1627302e+01   3.5294306e+01  -2.4723392e+01  -6.1086524e-01  -2.4976206e-01
   5.1976257e+01   3.5571150e+01  -2.4935822e+01  -6.9813170e-01  -2.4976206e-01
   5.2325212e+01   3.5828427e+01  -2.5171573e+01  -7.8539816e-01  -2.4976206e-01
   5.2674167e+01   3.6064178e+01  -2.5428850e+01  -8.7266463e-01  -2.4976206e-01
   5.3023122e+01   3.6276608e+01  -2.5705694e+01  -9.5993109e-01  -2.4976206e-01
   5.3372077e+01   3.6464102e+01  -2.6000000e+01  -1.0471976e+00  -2.4976206e-01
   5.3721032e+01   3.6625231e+01  -2.6309527e+01  -1.1344640e+00  -2.4976206e-01
   5.4069987e+01   3.6758770e+01  -2.6631919e+01  -1.2217305e+00  -2.4976206e-01
   5.4418943e+01   3.6863703e+01  -2.6964724e+01  -1.3089969e+00  -2.4976206e-01
   5.4767898e+01   3.6939231e+01  -2.7305407e+01  -1.3962634e+00  -2.4976206e-01
   5.5116853e+01   3.6984779e+01  -2.7651377e+01  -1.4835299e+00  -2.4976206e-01
   5.5616853e+01   3.7000000e+01  -2.8000000e+01  -1.5707963e+00  -6.0884831e-02
   5.6116853e+01   3.7000000e+01  -2.8500000e+01  -1.5707963e+00   0.0000000e+00
   5.6616853e+01   3.7000000e+01  -2.9000000e+01  -1.5707963e+00   0.0000000e+00
   5.7116853e+01   3.7000000e+01  -2.9500000e+01  -1.5707963e+00   0.0000000e+00
   5.7616853e+01   3.7000000e+01  -3.0000000e+01  -1.5707963e+00   0.0000000e+00
   5.8116853e+01   3.7000000e+01  -3.0500000e+01  -1.5707963e+00   0.0000000e+00
   5.8616853e+01   3.7000000e+01  -3.1000000e+01  -1.5707963e+00   0.0000000e+00
   5.9116853e+01   3.7000000e+01  -3.1500000e+01  -1.5707963e+00   0.0000000e+00
   5.9616853e+01   3.7000000e+01  -3.2000000e+01  -1.5707963e+00   0.0000000e+00
   6.0116853e+01   3.7000000e+01  -3.2500000e+01  -1.5707963e+00   0.0000000e+00
   6.0422188e+01   3.7000000e+01  -3.3000000e+01  -1.5707963e+00  -2.3393455e-01
   6.0727524e+01   3.6986681e+01  -3.3305045e+01  -1.6580628e+00  -2.8544235e-01
   6.1032860e+01   3.6946827e+01  -3.3607769e+01  -1.7453293e+00  -2.8544235e-01
   6.1338196e+01   3.6880740e+01  -3.3905867e+01  -1.8325957e+00  -2.8544235e-01
   6.1643531e+01   3.6788924e+01  -3.4197071e+01  -1.9198622e+00  -2.8544235e-01
   6.1948867e+01   3.6672077e+01  -3.4479164e+01  -2.0071286e+00  -2.8544235e-01
   6.2254203e+01   3.6531089e+01  -3.4750000e+01  -2.0943951e+00  -2.8544235e-01
   6.2559538e+01   3.6367032e+01  -3.5007518e+01  -2.1816616e+00  -2.8544235e-01
   6.2864874e+01   3.6181156e+01  -3.5249757e+01  -2.2689280e+00  -2.8544235e-01
   6.3170210e+01   3.5974874e+01  -3.5474874e+01  -2.3561945e+00  -2.8544235e-01
   6.3475546e+01   3.5749757e+01  -3.5681156e+01  -2.4434610e+00  -2.8544235e-01
   6.3780881e+01   3.5507518e+01  -3.5867032e+01  -2.5307274e+00  -2.8544235e-01
   6.4086217e+01   3.5250000e+01  -3.6031089e+01  -2.6179939e+00  -2.8544235e-01
   6.4391553e+01   3.4979164e+01  -3.6172077e+01  -2.7052603e+00  -2.8544235e-01
   6.4696888e+01   3.4697071e+01  -3.6288924e+01  -2.7925268e+00  -2.8544235e-01
   6.5002224e+01   3.4405867e+01  -3.6380740e+01  -2.8797933e+00  -2.8544235e-01
   6.5307560e+01   3.4107769e+01  -3.6446827e+01  -2.9670597e+00  -2.8544235e-01
   6.5612896e+01   3.3805045e+01  -3.6486681e+01  -3.0543262e+00  -2.8544235e-01
   6.6112896e+01   3.3500000e+01  -3.6500000e+01  -3.1415927e+00  -5.3274227e-02
   6.6612896e+01   3.3000000e+01  -3.6500000e+01  -3.1415927e+00  -0.0000000e+00
   6.7112896e+01   3.2500000e+01  -3.6500000e+01  -3.1415927e+00  -0.0000000e+00
   6.7612896e+01   3.2000000e+01  -3.6500000e+01  -3.1415927e+00  -0.0000000e+00
   6.8112896e+01   3.1500000e+01  -3.6500000e+01  -3.1415927e+00  -0.0000000e+00
   6.8612896e+01   3.1000000e+01  -3.6500000e+01  -3.1415927e+00  -0.0000000e+00
   6.9112896e+01   3.0500000e+01  -3.6500000e+01  -3.1415927e+00  -0.0000000e+00
   6.9612896e+01   3.0000000e+01  -3.6500000e+01  -3.1415927e+00  -0.0000000e+00
   7.0112896e+01   2.9500000e+01  -3.6500000e+01  -3.1415927e+00  -0.0000000e+00
   7.0612896e+01   2.9000000e+01  -3.6500000e+01  -3.1415927e+00  -0.0000000e+00
   7.1112896e+01   2.8500000e+01  -3.6500000e+01  -3.1415927e+00  -0.0000000e+00
   7.1612896e+01   2.8000000e+01  -3.6500000e+01  -3.1415927e+00  -0.0000000e+00
   7.2112896e+01   2.7500000e+01  -3.6500000e+01  -3.1415927e+00  -0.0000000e+00
   7.2612896e+01   2.7000000e+01  -3.6500000e+01  -3.1415927e+00  -0.0000000e+00
   7.3112896e+01   2.6500000e+01  -3.6500000e+01  -3.1415927e+00  -0.0000000e+00
   7.3612896e+01   2.6000000e+01  -3.6500000e+01  -3.1415927e+00  -0.0000000e+00
   7.4112896e+01   2.5500000e+01  -3.6500000e+01  -3.1415927e+00  -0.0000000e+00
   7.4612896e+01   2.5000000e+01  -3.6500000e+01  -3.1415927e+00  -0.0000000e+00
   7.5112896e+01   2.4500000e+01  -3.6500000e+01  -3.1415927e+00  -0.0000000e+00
   7.5612896e+01   2.4000000e+01  -3.6500000e+01  -3.1415927e+00  -0.0000000e+00
   7.6112896e+01   2.3500000e+01  -3.6500000e+01  -3.1415927e+00  -0.0000000e+00
   7.6612896e+01   2.3000000e+01  -3.6500000e+01  -3.1415927e+00  -0.0000000e+00
   7.7112896e+01   2.2500000e+01  -3.6500000e+01  -3.1415927e+00  -0.0000000e+00
   7.7612896e+01   2.2000000e+01  -3.6500000e+01  -3.1415927e+00  -0.0000000e+00
   7.8112896e+01   2.1500000e+01  -3.6500000e+01  -3.1415927e+00  -0.0000000e+00
   7.8612896e+01   2.1000000e+01  -3.6500000e+01  -3.1415927e+00  -0.0000000e+00
   7.9112896e+01   2.0500000e+01  -3.6500000e+01  -3.1415927e+00  -0.0000000e+00
   7.9612896e+01   2.0000000e+01  -3.6500000e+01  -3.1415927e+00  -0.0000000e+00
   8.0112896e+01   1.9500000e+01  -3.6500000e+01  -3.1415927e+00  -0.0000000e+00
   8.0612896e+01   1.9000000e+01  -3.6500000e+01  -3.1415927e+00  -0.0000000e+00
   8.1112896e+01   1.8500000e+01  -3.6500000e+01  -3.1415927e+00  -0.0000000e+00
   8.1612896e+01   1.8000000e+01  -3.6500000e+01  -3.1415927e+00  -0.0000000e+00
   8.1918231e+01   1.7500000e+01  -3.6500000e+01  -3.1415927e+00  -2.3393455e-01
   8.2223567e+01   1.7194955e+01  -3.6486681e+01  -3.2288591e+00  -2.8544235e-01
   8.2528903e+01   1.6892231e+01  -3.6446827e+01  -3.3161256e+00  -2.8544235e-01
   8.2834238e+01   1.6594133e+01  -3.6380740e+01  -3.4033920e+00  -2.8544235e-01
   8.3139574e+01   1.6302929e+01  -3.6288924e+01  -3.4906585e+00  -2.8544235e-01
   8.3444910e+01   1.6020836e+01  -3.6172077e+01  -3.5779250e+00  -2.8544235e-01
   8.3750246e+01   1.5750000e+01  -3.6031089e+01  -3.6651914e+00  -2.8544235e-01
   8.4055581e+01   1.5492482e+01  -3.5867032e+01  -3.7524579e+00  -2.8544235e-01
   8.4360917e+01   1.5250243e+01  -3.5681156e+01  -3.8397244e+00  -2.8544235e-01
   8.4666253e+01   1.5025126e+01  -3.5474874e+01  -3.9269908e+00  -2.8544235e-01
   8.4971588e+01   1.4818844e+01  -3.5249757e+01  -4.0142573e+00  -2.8544235e-01
   8.5276924e+01   1.4632968e+01  -3.5007518e+01  -4.1015237e+00  -2.8544235e-01
   8.5582260e+01   1.4468911e+01  -3.4750000e+01  -4.1887902e+00  -2.8544235e-01
   8.5887596e+01   1.4327923e+01  -3.4479164e+01  -4.2760567e+00  -2.8544235e-01
   8.6192931e+01   1.4211076e+01  -3.4197071e+01  -4.3633231e+00  -2.8544235e-01
   8.6498267e+01   1.4119260e+01  -3.3905867e+01  -4.4505896e+00  -2.8544235e-01
   8.6803603e+01   1.4053173e+01  -3.3607769e+01  -4.5378561e+00  -2.8544235e-01
   8.7108938e+01   1.4013319e+01  -3.3305045e+01  -4.6251225e+00  -2.8544235e-01
   8.7414274e+01   1.4000000e+01  -3.3000000e+01  -4.7123890e+00  -2.8544235e-01
   8.7719610e+01   1.4013319e+01  -3.2694955e+01  -4.7996554e+00  -2.8544235e-01
   8.8024945e+01   1.4053173e+01  -3.2392231e+01  -4.8869219e+00  -2.8544235e-01
   8.8330281e+01   1.4119260e+01  -3.2094133e+01  -4.9741884e+00  -2.8544235e-01
   8.8635617e+01   1.4211076e+01  -3.1802929e+01  -5.0614548e+00  -2.8544235e-01
   8.8940953e+01   1.4327923e+01  -3.1520836e+01  -5.1487213e+00  -2.8544235e-01
   8.9440953e+01   1.4468911e+01  -3.1250000e+01  -5.2359878e+00  -5.3274227e-02
   8.9940953e+01   1.4718911e+01  -3.0816987e+01  -5.2359878e+00   7.1054274e-15
   9.0440953e+01   1.4968911e+01  -3.0383975e+01  -5.2359878e+00   0.0000000e+00
   9.0940953e+01   1.5218911e+01  -2.9950962e+01  -5.2359878e+00   0.0000000e+00
   9.1440953e+01   1.5468911e+01  -2.9517949e+01  -5.2359878e+00   0.0000000e+00
   9.1940953e+01   1.5718911e+01  -2.9084936e+01  -5.2359878e+00  -7.1054274e-15
   9.2440953e+01   1.5968911e+01  -2.8651924e+01  -5.2359878e+00   7.1054274e-15
   9.2940953e+01   1.6218911e+01  -2.8218911e+01  -5.2359878e+00   0.0000000e+00
   9.3440953e+01   1.6468911e+01  -2.7785898e+01  -5.2359878e+00  -7.1054274e-15
   9.3940953e+01   1.6718911e+01  -2.7352886e+01  -5.2359878e+00   1.9412389e-14
   9.4440953e+01   1.6968911e+01  -2.6919873e+01  -5.2359878e+00  -1.2306961e-14
   9.4940953e+01   1.7218911e+01  -2.6486860e+01  -5.2359878e+00  -7.1054274e-15
   9.5440953e+01   1.7468911e+01  -2.6053848e+01  -5.2359878e+00   7.1054274e-15
   9.5940953e+01   1.7718911e+01  -2.5620835e+01  -5.2359878e+00   0.0000000e+00
   9.6440953e+01   1.7968911e+01  -2.5187822e+01  -5.2359878e+00  -7.1054274e-15
   9.6940953e+01   1.8218911e+01  -2.4754809e+01  -5.2359878e+00   7.1054274e-15
   9.7440953e+01   1.8468911e+01  -2.4321797e+01  -5.2359878e+00   0.0000000e+00
   9.7940953e+01   1.8718911e+01  -2.3888784e+01  -5.2359878e+00  -7.1054274e-15
   9.8440953e+01   1.8968911e+01  -2.3455771e+01  -5.2359878e+00   7.1054274e-15
   9.8940953e+01   1.9218911e+01  -2.3022759e+01  -5.2359878e+00   0.0000000e+00
   9.9813340e+01   1.9468911e+01  -2.2589746e+01  -5.2359878e+00   2.8656982e-02
   1.0068573e+02   1.9871735e+01  -2.1815929e+01  -5.1487213e+00   9.9904822e-02
   1.0155812e+02   2.0205583e+01  -2.1009947e+01  -5.0614548e+00   9.9904822e-02
   1.0243050e+02   2.0467915e+01  -2.0177936e+01  -4.9741884e+00   9.9904822e-02
   1.0330289e+02   2.0656735e+01  -1.9326228e+01  -4.8869219e+00   9.9904822e-02
   1.0417528e+02   2.0770604e+01  -1.8461303e+01  -4.7996554e+00   9.9904822e-02
   1.0504767e+02   2.0808657e+01  -1.7589746e+01  -4.7123890e+00   9.9904822e-02
   1.0592005e+02   2.0770604e+01  -1.6718189e+01  -4.6251225e+00   9.9904822e-02
   1.0679244e+02   2.0656735e+01  -1.5853264e+01  -4.5378561e+00   9.9904822e-02
   1.0766483e+02   2.0467915e+01  -1.5001556e+01  -4.4505896e+00   9.9904822e-02
   1.0853722e+02   2.0205583e+01  -1.4169545e+01  -4.3633231e+00   9.9904822e-02
   1.0940961e+02   1.9871735e+01  -1.3363563e+01  -4.2760567e+00   9.9904822e-02
   1.1028199e+02   1.9468911e+01  -1.2589746e+01  -4.1887902e+00   9.9904822e-02
   1.1115438e+02   1.9000177e+01  -1.1853982e+01  -4.1015237e+00   9.9904822e-02
   1.1202677e+02   1.8469101e+01  -1.1161870e+01  -4.0142573e+00   9.9904822e-02
   1.1289916e+02   1.7879725e+01  -1.0518678e+01  -3.9269908e+00   9.9904822e-02
   1.1377154e+02   1.7236533e+01  -9.9293015e+00  -3.8397244e+00   9.9904822e-02
   1.1464393e+02   1.6544421e+01  -9.3982255e+00  -3.7524579e+00   9.9904822e-02
   1.1551632e+02   1.5808657e+01  -8.9294919e+00  -3.6651914e+00   9.9904822e-02
   1.1638871e+02   1.5034840e+01  -8.5266681e+00  -3.5779250e+00   9.9904822e-02
   1.1726110e+02   1.4228858e+01  -8.1928198e+00  -3.4906585e+00   9.9904822e-02
   1.1813348e+02   1.3396847e+01  -7.9304877e+00  -3.4033920e+00   9.9904822e-02
   1.1900587e+02   1.2545139e+01  -7.7416684e+00  -3.3161256e+00   9.9904822e-02
   1.1987826e+02   1.1680214e+01  -7.6277990e+00  -3.2288591e+00   9.9904822e-02
   1.2037826e+02   1.0808657e+01  -7.5897460e+00  -3.1415927e+00   1.5221208e-01
   1.2087826e+02   1.0308657e+01  -7.5897460e+00  -3.1415927e+00  -0.0000000e+00
   1.2137826e+02   9.8086570e+00  -7.5897460e+00  -3.1415927e+00  -0.0000000e+00
   1.2187826e+02   9.3086570e+00  -7.5897460e+00  -3.1415927e+00  -0.0000000e+00
   1.2237826e+02   8.8086570e+00  -7.5897460e+00  -3.1415927e+00  -0.0000000e+00
   1.2287826e+02   8.3086570e+00  -7.5897460e+00  -3.1415927e+00  -0.0000000e+00
   1.2337826e+02   7.8086570e+00  -7.5897460e+00  -3.1415927e+00  -0.0000000e+00
   1.2387826e+02   7.3086570e+00  -7.5897460e+00  -3.1415927e+00  -0.0000000e+00
   1.2437826e+02   6.8086570e+00  -7.5897460e+00  -3.1415927e+00  -0.0000000e+00
   1.2487826e+02   6.3086570e+00  -7.5897460e+00  -3.1415927e+00  -0.0000000e+00
   1.2537826e+02   5.8086570e+00  -7.5897460e+00  -3.1415927e+00   7.1054274e-15
   1.2587826e+02   5.3086570e+00  -7.5897460e+00  -3.1415927e+00  -7.1054274e-15
   1.2637826e+02   4.8086570e+00  -7.5897460e+00  -3.1415927e+00  -0.0000000e+00
   1.2687826e+02   4.3086570e+00  -7.5897460e+00  -3.1415927e+00  -0.0000000e+00
   1.2737826e+02   3.8086570e+00  -7.5897460e+00  -3.1415927e+00  -0.0000000e+00
   1.2787826e+02   3.3086570e+00  -7.5897460e+00  -3.1415927e+00  -0.0000000e+00
   1.2837826e+02   2.8086570e+00  -7.5897460e+00  -3.1415927e+00  -0.0000000e+00
   1.2887826e+02   2.3086570e+00  -7.5897460e+00  -3.1415927e+00  -0.0000000e+00
   1.2937826e+02   1.8086570e+00  -7.5897460e+00  -3.1415927e+00  -0.0000000e+00
   1.2987826e+02   1.3086570e+00  -7.5897460e+00  -3.1415927e+00  -0.0000000e+00
   1.3031445e+02   8.0865705e-01  -7.5897460e+00  -3.1415927e+00   1.1462793e-01
   1.3075065e+02   3.7287834e-01  -7.6087725e+00  -3.0543262e+00   1.9980964e-01
   1.3118684e+02  -5.9583839e-02  -7.6657072e+00  -2.9670597e+00   1.9980964e-01
   1.3162303e+02  -4.8543818e-01  -7.7601168e+00  -2.8797933e+00   1.9980964e-01
   1.3205923e+02  -9.0144367e-01  -7.8912829e+00  -2.7925268e+00   1.9980964e-01
   1.3249542e+02  -1.3044343e+00  -8.0582070e+00  -2.7052603e+00   1.9980964e-01
   1.3293162e+02  -1.6913430e+00  -8.2596189e+00  -2.6179939e+00   1.9980964e-01
   1.3336781e+02  -2.0592251e+00  -8.4939857e+00  -2.5307274e+00   1.9980964e-01
   1.3380400e+02  -2.4052810e+00  -8.7595237e+00  -2.4434610e+00   1.9980964e-01
   1.3424020e+02  -2.7268769e+00  -9.0542121e+00  -2.3561945e+00   1.9980964e-01
   1.3467639e+02  -3.0215652e+00  -9.3758079e+00  -2.2689280e+00   1.9980964e-01
   1.3511259e+02  -3.2871032e+00  -9.7218638e+00  -2.1816616e+00   1.9980964e-01
   1.3554878e+02  -3.5214700e+00  -1.0089746e+01  -2.0943951e+00   1.9980964e-01
   1.3598497e+02  -3.7228819e+00  -1.0476655e+01  -2.0071286e+00   1.9980964e-01
   1.3642117e+02  -3.8898061e+00  -1.0879645e+01  -1.9198622e+00   1.9980964e-01
   1.3685736e+02  -4.0209721e+00  -1.1295651e+01  -1.8325957e+00   1.9980964e-01
   1.3729355e+02  -4.1153817e+00  -1.1721505e+01  -1.7453293e+00   1.9980964e-01
   1.3772975e+02  -4.1723164e+00  -1.2153967e+01  -1.6580628e+00   1.9980964e-01
   1.3822975e+02  -4.1913430e+00  -1.2589746e+01  -1.5707963e+00   7.6106038e-02
   1.3872975e+02  -4.1913430e+00  -1.3089746e+01  -1.5707963e+00   0.0000000e+00
   1.3922975e+02  -4.1913430e+00  -1.3589746e+01  -1.5707963e+00   0.0000000e+00
   1.3972975e+02  -4.1913430e+00  -1.4089746e+01  -1.5707963e+00   0.0000000e+00
   1.4022975e+02  -4.1913430e+00  -1.4589746e+01  -1.5707963e+00   0.0000000e+00
   1.4072975e+02  -4.1913430e+00  -1.5089746e+01  -1.5707963e+00   0.0000000e+00
   1.4122975e+02  -4.1913430e+00  -1.5589746e+01  -1.5707963e+00   0.0000000e+00
   1.4172975e+02  -4.1913430e+00  -1.6089746e+01  -1.5707963e+00   0.0000000e+00
   1.4222975e+02  -4.1913430e+00  -1.6589746e+01  -1.5707963e+00   3.5527137e-15
   1.4272975e+02  -4.1913430e+00  -1.7089746e+01  -1.5707963e+00  -3.5527137e-15
   1.4316594e+02  -4.1913430e+00  -1.7589746e+01  -1.5707963e+00   1.1462793e-01
   1.4360214e+02  -4.1723164e+00  -1.8025525e+01  -1.4835299e+00   1.9980964e-01
   1.4403833e+02  -4.1153817e+00  -1.8457987e+01  -1.3962634e+00   1.9980964e-01
   1.4447452e+02  -4.0209721e+00  -1.8883841e+01  -1.3089969e+00   1.9980964e-01
   1.4491072e+02  -3.8898061e+00  -1.9299847e+01  -1.2217305e+00   1.9980964e-01
   1.4534691e+02  -3.7228819e+00  -1.9702837e+01  -1.1344640e+00   1.9980964e-01
   1.4578311e+02  -3.5214700e+00  -2.0089746e+01  -1.0471976e+00   1.9980964e-01
   1.4621930e+02  -3.2871032e+00  -2.0457628e+01  -9.5993109e-01   1.9980964e-01
   1.4665549e+02  -3.0215652e+00  -2.0803684e+01  -8.7266463e-01   1.9980964e-01
   1.4709169e+02  -2.7268769e+00  -2.1125280e+01  -7.8539816e-01   1.9980964e-01
   1.4752788e+02  -2.4052810e+00  -2.1419968e+01  -6.9813170e-01   1.9980964e-01
   1.4796407e+02  -2.0592251e+00  -2.1685506e+01  -6.1086524e-01   1.9980964e-01
   1.4840027e+02  -1.6913430e+00  -2.1919873e+01  -5.2359878e-01   1.9980964e-01
   1.4883646e+02  -1.3044343e+00  -2.2121285e+01  -4.3633231e-01   1.9980964e-01
   1.4927266e+02  -9.0144367e-01  -2.2288209e+01  -3.4906585e-01   1.9980964e-01
   1.4970885e+02  -4.8543818e-01  -2.2419375e+01  -2.6179939e-01   1.9980964e-01
   1.5014504e+02  -5.9583839e-02  -2.2513785e+01  -1.7453293e-01   1.9980964e-01
   1.5058124e+02   3.7287834e-01  -2.2570719e+01  -8.7266463e-02   1.9980964e-01
   1.5119191e+02   8.0865705e-01  -2.2589746e+01   4.4408921e-16   4.9513180e-17
   1.5180258e+02   1.4187472e+00  -2.2616383e+01  -8.7266463e-02  -1.4272117e-01
   1.5241325e+02   2.0241943e+00  -2.2696092e+01  -1.7453293e-01  -1.4272117e-01
   1.5302392e+02   2.6203904e+00  -2.2828265e+01  -2.6179939e-01  -1.4272117e-01
   1.5363460e+02   3.2027981e+00  -2.3011898e+01  -3.4906585e-01  -1.4272117e-01
   1.5424527e+02   3.7669849e+00  -2.3245591e+01  -4.3633231e-01  -1.4272117e-01
   1.5485594e+02   4.3086570e+00  -2.3527568e+01  -5.2359878e-01  -1.4272117e-01
   1.5546661e+02   4.8236921e+00  -2.3855682e+01  -6.1086524e-01  -1.4272117e-01
   1.5607728e+02   5.3081703e+00  -2.4227435e+01  -6.9813170e-01  -1.4272117e-01
   1.5668795e+02   5.7584045e+00  -2.4639998e+01  -7.8539816e-01  -1.4272117e-01
   1.5729862e+02   6.1709682e+00  -2.5090233e+01  -8.7266463e-01  -1.4272117e-01
   1.5790930e+02   6.5427214e+00  -2.5574711e+01  -9.5993109e-01  -1.4272117e-01
   1.5851997e+02   6.8708349e+00  -2.6089746e+01  -1.0471976e+00  -1.4272117e-01
   1.5913064e+02   7.1528116e+00  -2.6631418e+01  -1.1344640e+00  -1.4272117e-01
   1.5974131e+02   7.3865054e+00  -2.7195605e+01  -1.2217305e+00  -1.4272117e-01
   1.6035198e+02   7.5701378e+00  -2.7778013e+01  -1.3089969e+00  -1.4272117e-01
   1.6096265e+02   7.7023113e+00  -2.8374209e+01  -1.3962634e+00  -1.4272117e-01
   1.6157332e+02   7.7820199e+00  -2.8979656e+01  -1.4835299e+00  -1.4272117e-01
   1.6218400e+02   7.8086570e+00  -2.9589746e+01  -1.5707963e+00  -1.4272117e-01
   1.6279467e+02   7.7820199e+00  -3.0199836e+01  -1.6580628e+00  -1.4272117e-01
   1.6340534e+02   7.7023113e+00  -3.0805283e+01  -1.7453293e+00  -1.4272117e-01
   1.6401601e+02   7.5701378e+00  -3.1401479e+01  -1.8325957e+00  -1.4272117e-01
   1.6462668e+02   7.3865054e+00  -3.1983887e+01  -1.9198622e+00  -1.4272117e-01
   1.6523735e+02   7.1528116e+00  -3.2548074e+01  -2.0071286e+00  -1.4272117e-01
   1.6584802e+02   6.8708349e+00  -3.3089746e+01  -2.0943951e+00  -1.4272117e-01
   1.6645870e+02   6.5427214e+00  -3.3604781e+01  -2.1816616e+00  -1.4272117e-01
   1.6706937e+02   6.1709682e+00  -3.4089259e+01  -2.2689280e+00  -1.4272117e-01
   1.6768004e+02   5.7584045e+00  -3.4539493e+01  -2.3561945e+00  -1.4272117e-01
   1.6829071e+02   5.3081703e+00  -3.4952057e+01  -2.4434610e+00  -1.4272117e-01
   1.6890138e+02   4.8236921e+00  -3.5323810e+01  -2.5307274e+00  -1.4272117e-01
   1.6951205e+02   4.3086570e+00  -3.5651924e+01  -2.6179939e+00  -1.4272117e-01
   1.7012272e+02   3.7669849e+00  -3.5933900e+01  -2.7052603e+00  -1.4272117e-01
   1.7073339e+02   3.2027981e+00  -3.6167594e+01  -2.7925268e+00  -1.4272117e-01
   1.7134407e+02   2.6203904e+00  -3.6351227e+01  -2.8797933e+00  -1.4272117e-01
   1.7195474e+02   2.0241943e+00  -3.6483400e+01  -2.9670597e+00  -1.4272117e-01
   1.7256541e+02   1.4187472e+00  -3.6563109e+01  -3.0543262e+00  -1.4272117e-01
   1.7306541e+02   8.0865705e-01  -3.6589746e+01  -3.1415927e+00  -1.0654845e-01
   1.7356541e+02   3.0865705e-01  -3.6589746e+01  -3.1415927e+00  -0.0000000e+00
   1.7406541e+02  -1.9134295e-01  -3.6589746e+01  -3.1415927e+00  -0.0000000e+00
   1.7456541e+02  -6.9134295e-01  -3.6589746e+01  -3.1415927e+00  -0.0000000e+00
   1.7573758e+02  -1.1913430e+00  -3.6589746e+01  -3.1415927e+00  -1.1813579e-02
   1.7660997e+02  -2.3629004e+00  -3.6551693e+01  -3.2288591e+00  -1.5135653e-01
   1.7748236e+02  -3.2278247e+00  -3.6437823e+01  -3.3161256e+00  -9.9904822e-02
   1.7835475e+02  -4.0795334e+00  -3.6249004e+01  -3.4033920e+00  -9.9904822e-02
   1.7922714e+02  -4.9115444e+00  -3.5986672e+01  -3.4906585e+00  -9.9904822e-02
   1.8009952e+02  -5.7175256e+00  -3.5652824e+01  -3.5779250e+00  -9.9904822e-02
   1.8097191e+02  -6.4913430e+00  -3.5250000e+01  -3.6651914e+00  -9.9904822e-02
   1.8184430e+02  -7.2271073e+00  -3.4781266e+01  -3.7524579e+00  -9.9904822e-02
   1.8271669e+02  -7.9192190e+00  -3.4250190e+01  -3.8397244e+00  -9.9904822e-02
   1.8358907e+02  -8.5624108e+00  -3.3660814e+01  -3.9269908e+00  -9.9904822e-02
   1.8446146e+02  -9.1517874e+00  -3.3017622e+01  -4.0142573e+00  -9.9904822e-02
   1.8533385e+02  -9.6828634e+00  -3.2325510e+01  -4.1015237e+00  -9.9904822e-02
   1.8620624e+02  -1.0151597e+01  -3.1589746e+01  -4.1887902e+00  -9.9904822e-02
   1.8707863e+02  -1.0554421e+01  -3.0815929e+01  -4.2760567e+00  -9.9904822e-02
   1.8795101e+02  -1.0888269e+01  -3.0009947e+01  -4.3633231e+00  -9.9904822e-02
   1.8882340e+02  -1.1150601e+01  -2.9177936e+01  -4.4505896e+00  -9.9904822e-02
   1.8969579e+02  -1.1339420e+01  -2.8326228e+01  -4.5378561e+00  -9.9904822e-02
   1.9056818e+02  -1.1453290e+01  -2.7461303e+01  -4.6251225e+00  -9.9904822e-02
   1.9106818e+02  -1.1491343e+01  -2.6589746e+01  -4.7123890e+00  -1.5221208e-01
   1.9156818e+02  -1.1491343e+01  -2.6089746e+01  -4.7123890e+00   0.0000000e+00
   1.9206818e+02  -1.1491343e+01  -2.5589746e+01  -4.7123890e+00   0.0000000e+00
   1.9256818e+02  -1.1491343e+01  -2.5089746e+01  -4.7123890e+00   0.0000000e+00
   1.9306818e+02  -1.1491343e+01  -2.4589746e+01  -4.7123890e+00   0.0000000e+00
   1.9356818e+02  -1.1491343e+01  -2.4089746e+01  -4.7123890e+00   0.0000000e+00
   1.9406818e+02  -1.1491343e+01  -2.3589746e+01  -4.7123890e+00   0.0000000e+00
   1.9456818e+02  -1.1491343e+01  -2.3089746e+01  -4.7123890e+00   7.1054274e-15
   1.9506818e+02  -1.1491343e+01  -2.2589746e+01  -4.7123890e+00  -7.1054274e-15
   1.9556818e+02  -1.1491343e+01  -2.2089746e+01  -4.7123890e+00   0.0000000e+00
   1.9606818e+02  -1.1491343e+01  -2.1589746e+01  -4.7123890e+00   0.0000000e+00
   1.9656818e+02  -1.1491343e+01  -2.1089746e+01  -4.7123890e+00   0.0000000e+00
   1.9706818e+02  -1.1491343e+01  -2.0589746e+01  -4.7123890e+00   0.0000000e+00
   1.9756818e+02  -1.1491343e+01  -2.0089746e+01  -4.7123890e+00   0.0000000e+00
   1.9806818e+02  -1.1491343e+01  -1.9589746e+01  -4.7123890e+00   0.0000000e+00
   1.9856818e+02  -1.1491343e+01  -1.9089746e+01  -4.7123890e+00   0.0000000e+00
   1.9906818e+02  -1.1491343e+01  -1.8589746e+01  -4.7123890e+00   0.0000000e+00
   1.9956818e+02  -1.1491343e+01  -1.8089746e+01  -4.7123890e+00   0.0000000e+00
   2.0006818e+02  -1.1491343e+01  -1.7589746e+01  -4.7123890e+00   0.0000000e+00
   2.0056818e+02  -1.1491343e+01  -1.7089746e+01  -4.7123890e+00   0.0000000e+00
   2.0106818e+02  -1.1491343e+01  -1.6589746e+01  -4.7123890e+00   0.0000000e+00
   2.0156818e+02  -1.1491343e+01  -1.6089746e+01  -4.7123890e+00   0.0000000e+00
   2.0206818e+02  -1.1491343e+01  -1.5589746e+01  -4.7123890e+00   0.0000000e+00
   2.0256818e+02  -1.1491343e+01  -1.5089746e+01  -4.7123890e+00   7.1054274e-15
   2.0306818e+02  -1.1491343e+01  -1.4589746e+01  -4.7123890e+00  -7.1054274e-15
   2.0356818e+02  -1.1491343e+01  -1.4089746e+01  -4.7123890e+00   0.0000000e+00
   2.0406818e+02  -1.1491343e+01  -1.3589746e+01  -4.7123890e+00   0.0000000e+00
   2.0456818e+02  -1.1491343e+01  -1.3089746e+01  -4.7123890e+00   0.0000000e+00
   2.0506818e+02  -1.1491343e+01  -1.2589746e+01  -4.7123890e+00   0.0000000e+00
   2.0621495e+02  -1.1491343e+01  -1.2089746e+01  -4.7123890e+00  -1.5139162e-02
   2.0726182e+02  -1.1445679e+01  -1.0943877e+01  -4.7996554e+00  -9.5164136e-02
   2.0830869e+02  -1.1309036e+01  -9.9059678e+00  -4.8869219e+00  -8.3254018e-02
   2.0935555e+02  -1.1082453e+01  -8.8839174e+00  -4.9741884e+00  -8.3254018e-02
   2.1040242e+02  -1.0767654e+01  -7.8855042e+00  -5.0614548e+00  -8.3254018e-02
   2.1144928e+02  -1.0367036e+01  -6.9183268e+00  -5.1487213e+00  -8.3254018e-02
   2.1249615e+02  -9.8836478e+00  -5.9897460e+00  -5.2359878e+00  -8.3254018e-02
   2.1354301e+02  -9.3211675e+00  -5.1068287e+00  -5.3232542e+00  -8.3254018e-02
   2.1458988e+02  -8.6838763e+00  -4.2762946e+00  -5.4105207e+00  -8.3254018e-02
   2.1563674e+02  -7.9766243e+00  -3.5044646e+00  -5.4977871e+00  -8.3254018e-02
   2.1668361e+02  -7.2047943e+00  -2.7972126e+00  -5.5850536e+00  -8.3254018e-02
   2.1773047e+02  -6.3742602e+00  -2.1599214e+00  -5.6723201e+00  -8.3254018e-02
   2.1877734e+02  -5.4913430e+00  -1.5974411e+00  -5.7595865e+00  -8.3254018e-02
   2.1982420e+02  -4.5627621e+00  -1.1140525e+00  -5.8468530e+00  -8.3254018e-02
   2.2087107e+02  -3.5955847e+00  -7.1343451e-01  -5.9341195e+00  -8.3254018e-02
   2.2191793e+02  -2.5971715e+00  -3.9863605e-01  -6.0213859e+00  -8.3254018e-02
   2.2296480e+02  -1.5751211e+00  -1.7205293e-01  -6.1086524e+00  -8.3254018e-02
   2.2401166e+02  -5.3721186e-01  -3.5409585e-02  -6.1959188e+00  -8.3254018e-02
   2.2452043e+02   5.0865705e-01   1.0254038e-02  -6.2831853e+00  -8.3254018e-02
